83
83
90
46
1
75
41
77
96
15
95
23
60
90
83
93
44
65
98
49
11
56
70
2
73
61
57
17
31
55
33
96
78
3
58
64
56
99
20
36
6
45
66
72
49
90
89
90
67
92
2
13
98
78
80
98
79
78
77
35
5
6
74
15
96
13
75
39
78
89
12
68
6
72
74
7
73
30
64
19
15
4
35
97
77
91
22
19
17
29
11
35
3
98
37
0
1
14
21
72
40
66
86
89
75
23
89
61
40
72
56
61
63
95
23
79
57
50
64
29
33
0
10
93
46
2
81
46
91
40
41
74
84
75
31
14
37
46
28
75
60
96
5
8
10
88
17
83
67
1
83
18
51
45
4
96
20
53
15
38
57
57
91
38
52
51
14
97
8
39
26
18
75
96
78
40
46
82
64
93
17
83
73
42
55
87
53
6
69
83
82
7
62
52
68
14
46
8
17
43
3
50
72
32
8
43
4
45
84
72
15
90
99
7
54
48
93
12
54
41
94
76
90
15
87
64
91
47
70
2
84
49
3
93
39
95
4
76
83
65
69
24
67
59
48
36
15
76
54
87
22
44
62
21
85
82
3
95
37
88
83
83
95
93
58
39
48
78
55
28
47
45
77
93
66
30
42
28
86
30
98
10
57
85
92
80
55
82
76
40
44
45
85
61
86
35
18
87
78
84
53
93
82
65
76
3
16
25
36
35
15
21
69
56
38
36
29
10
79
41
50
52
60
85
0
84
2
8
69
60
41
21
15
56
76
46
16
23
62
43
23
75
36
53
28
1
38
16
53
66
48
93
75
17
33
50
94
92
16
20
55
8
71
53
97
1
29
91
31
75
22
31
15
91
24
64
96
63
76
94
69
91
64
85
40
39
99
32
77
66
53
71
56
27
28
55
6
30
57
23
95
28
49
94
16
32
78
65
5
93
37
5
10
86
32
15
33
66
57
62
76
95
90
11
96
56
10
99
25
96
73
59
43
44
43
90
2
39
93
75
94
34
80
93
6
54
53
24
13
77
26
2
52
53
37
58
31
22
1
84
74
76
83
75
55
49
75
74
71
77
18
27
75
72
1
14
5
77
17
58
14
68
86
69
78
63
5
59
7
72
29
24
78
84
74
24
68
20
8
2
98
40
6
17
77
30
55
14
22
92
80
8
20
71
64
71
33
86
19
16
3
54
56
55
56
50
18
15
51
98
5
80
32
63
42
17
86
60
14
84
83
37
26
30
9
77
97
17
84
71
70
73
85
47
26
56
21
27
74
36
77
96
36
24
67
72
98
10
16
86
28
51
40
43
93
45
13
12
91
83
19
92
93
70
2
20
18
31
16
12
50
4
47
50
37
27
31
1
61
61
42
60
68
11
91
48
21
65
80
72
56
75
94
45
83
48
83
45
76
74
17
7
59
79
49
63
50
13
64
29
7
45
82
62
9
84
19
70
48
99
54
89
1
19
76
1
97
92
26
75
67
71
9
67
67
45
58
68
77
98
23
48
67
21
4
20
61
48
97
17
79
52
14
70
4
47
43
84
19
24
91
49
6
34
83
76
38
42
24
82
87
7
88
57
4
81
60
83
37
4
3
23
37
70
47
82
64
46
59
64
2
5
22
45
2
82
48
9
54
63
51
42
50
6
27
40
24
26
31
86
20
47
8
37
99
73
0
39
35
50
81
31
52
15
61
63
46
87
25
24
74
3
62
88
5
57
46
33
56
95
39
17
63
74
35
83
1
81
87
45
70
23
97
79
93
18
97
99
97
17
98
71
85
83
76
64
6
48
16
73
42
7
8
20
80
61
51
50
7
67
13
45
98
53
11
30
99
97
30
99
5
27
98
7
1
79
25
77
37
77
76
86
11
88
46
78
23
55
16
83
24
97
72
35
47
54
17
30
53
52
22
91
79
18
23
97
24
71
55
7
79
60
13
20
74
92
29
90
29
21
44
69
85
52
28
36
46
20
16
99
14
82
87
25
96
68
56
59
67
10
81
54
5
29
24
73
27
5
80
27
44
77
66
54
9
58
90
40
48
1
20
82
74
22
87
47
31
72
43
28
21
89
14
65
9
73
16
42
26
57
62
9
68
14
40
33
56
46
29
72
13
84
74
72
98
0
93
9
12
15
81
78
78
91
89
23
48
4
95
76
65
32
59
31
7
54
60
46
38
66
94
78
88
31
98
59
82
26
43
34
6
25
1
34
12
1
15
31
14
12
87
88
1
92
56
32
78
19
14
27
41
54
11
33
12
21
40
93
3
82
end